Suma[0] = 25.440001
Suma[1] = 34.230000
Suma[2] = 20.770000
Suma[3] = 7.930000
Suma[4] = 19.880001
1
